- a b c d e f
a 0 15 24 29 25 37
b 15 0 32 31 23 43
c 24 32 0 30 43 49
d 29 31 30 0 45 57
e 25 23 43 45 0 55
f 37 43 49 57 55 0
