- A B C D E F
A 0 15 24 29 25 37
B 15 0 32 31 23 43  
C 24 32 0 30 43 49
D 29 31 30 0 45 57
E 25 23 43 45 0 55
F 37 43 49 57 55 0